C1_0_BK_SAL111	STM1var1	1.72e-12	60.2	100.000	100	100	1	32	32	1	minus
C1_1_BK_SAL111	Ago1	1.72e-12	60.2	100.000	100	100	1	32	32	1	minus
C1_2_BK_SAL111	Ist1	1.72e-12	60.2	100.000	100	100	1	32	32	1	minus
C1_3_BK_SAL111	Tho1	1.72e-12	60.2	100.000	100	100	1	32	32	1	minus
C1_4_BK_SAL111	STM25	1.72e-12	60.2	100.000	100	100	1	32	32	1	minus
C1_5_BK_SAL111	STM26	1.72e-12	60.2	100.000	100	100	1	32	32	1	minus
C1_6_BK_SAL111	ParB3	1.72e-12	60.2	100.000	100	100	1	32	32	1	minus
C1_7_BK_SAL111	Tho2	5.04e-13	62.1	100.000	100	100	1	33	33	1	minus
C1_8_BK_SAL111	Tho3	1.72e-12	60.2	100.000	100	100	1	32	32	1	minus
C1_9_BK_SAL111	Tho4	1.72e-12	60.2	100.000	100	100	1	32	32	1	minus
C1_10_BK_SAL111	Tho5	1.72e-12	60.2	100.000	100	100	1	32	32	1	minus
C1_11_BK_SAL111	Ist3	1.72e-12	60.2	100.000	100	100	1	32	32	1	minus
C1_12_BK_SAL111	Ist4	1.72e-12	60.2	100.000	100	100	1	32	32	1	minus
C1_12_BK_SAL111	Alten3	1.03e-09	51.0	100.000	84	84	4	30	29	3	minus
C1_13_BK_SAL111	Ist5	1.72e-12	60.2	100.000	100	100	1	32	32	1	minus
C1_14_BK_SAL111	Tho6	1.72e-12	60.2	100.000	100	100	1	32	32	1	minus
C1_15_BK_SAL111	NiaB1var1	1.72e-12	60.2	100.000	100	100	1	32	32	1	minus
C1_15_BK_SAL111	NiaB1	6.17e-12	58.4	100.000	97	97	2	32	31	1	minus
C1_16_BK_SAL111	Ist11	1.72e-12	60.2	100.000	100	100	1	32	32	1	minus
C1_17_BK_SAL111	Ist14	1.72e-12	60.2	100.000	100	100	1	32	32	1	minus
C1_18_BK_SAL111	Ist15	1.72e-12	60.2	100.000	100	100	1	32	32	1	minus
C1_19_BK_SAL111	Ist16	1.72e-12	60.2	100.000	100	100	1	32	32	1	minus
C1_20_BK_SAL111	UtrB1	1.72e-12	60.2	100.000	100	100	1	32	32	1	minus
C1_21_BK_SAL111	AltB29var1	5.04e-13	62.1	100.000	100	100	1	33	33	1	minus
C1_21_BK_SAL111	AltB29	1.81e-12	60.2	100.000	97	97	1	32	32	1	minus
C1_22_BK_SAL111	Sin1	1.72e-12	60.2	100.000	100	100	1	32	32	1	minus
C1_23_BK_SAL111	Sin2	1.72e-12	60.2	100.000	100	100	1	32	32	1	minus
C1_24_BK_SAL111	Sin3	1.72e-12	60.2	100.000	100	100	1	32	32	1	minus
C2_0_BK_SAL111	ConcB4	1.72e-12	60.2	100.000	100	100	1	32	32	1	minus
C2_1_BK_SAL111	ConcB5	1.72e-12	60.2	100.000	100	100	1	32	32	1	minus
C2_2_BK_SAL111	ConcB6	1.72e-12	60.2	100.000	100	100	1	32	32	1	minus
C2_3_BK_SAL111	ConcB7	1.72e-12	60.2	100.000	100	100	1	32	32	1	minus
C2_4_BK_SAL111	ConcB8	1.72e-12	60.2	100.000	100	100	1	32	32	1	minus
C2_5_BK_SAL111	ConcB9	1.72e-12	60.2	100.000	100	100	1	32	32	1	minus
C2_6_BK_SAL111	ConcB19	1.72e-12	60.2	100.000	100	100	1	32	32	1	minus
C2_7_BK_SAL111	ConcB20	1.72e-12	60.2	100.000	100	100	1	32	32	1	minus
C2_8_BK_SAL111	ConcB21	1.72e-12	60.2	100.000	100	100	1	32	32	1	minus
C2_9_BK_SAL111	Buc4	1.72e-12	60.2	100.000	100	100	1	32	32	1	minus
C2_10_BK_SAL111	SinB3	1.72e-12	60.2	100.000	100	100	1	32	32	1	minus
C2_11_BK_SAL111	SinB4	1.72e-12	60.2	100.000	100	100	1	32	32	1	minus
C2_12_BK_SAL111	SinB5	1.72e-12	60.2	100.000	100	100	1	32	32	1	minus
C2_13_BK_SAL111	SinB6	1.72e-12	60.2	100.000	100	100	1	32	32	1	minus
C2_14_BK_SAL111	SinB7	1.72e-12	60.2	100.000	100	100	1	32	32	1	minus
C2_18_BK_SAL111	SinB8	1.72e-12	60.2	100.000	100	100	1	32	32	1	minus
C2_19_BK_SAL111	SinB9	1.72e-12	60.2	100.000	100	100	1	32	32	1	minus
C2_20_BK_SAL111	SinB10	1.72e-12	60.2	100.000	100	100	1	32	32	1	minus
C2_21_BK_SAL111	ConcB10	1.72e-12	60.2	100.000	100	100	1	32	32	1	minus
C2_22_BK_SAL111	ConcB11	1.72e-12	60.2	100.000	100	100	1	32	32	1	minus
C2_23_BK_SAL111	ConcB12	1.72e-12	60.2	100.000	100	100	1	32	32	1	minus
C2_26_BK_SAL111	Chol16	1.72e-12	60.2	100.000	100	100	1	32	32	1	minus
C2_26_BK_SAL111	ParB36	2.87e-10	52.8	100.000	88	88	1	28	5	32	plus
