C1_0_BK_SAL112	WelB9	1.72e-12	60.2	100.000	100	100	1	32	1	32	plus
C1_1_BK_SAL112	WelB10	1.72e-12	60.2	100.000	100	100	1	32	1	32	plus
C1_2_BK_SAL112	WelB11	1.72e-12	60.2	100.000	100	100	1	32	1	32	plus
C1_3_BK_SAL112	WelB12	1.72e-12	60.2	100.000	100	100	1	32	1	32	plus
C1_4_BK_SAL112	WelB13	1.72e-12	60.2	100.000	100	100	1	32	1	32	plus
C1_5_BK_SAL112	STM1var1	5.84e-12	58.4	100.000	100	100	1	31	31	1	minus
C1_6_BK_SAL112	Ago1	5.84e-12	58.4	100.000	100	100	1	31	31	1	minus
C1_7_BK_SAL112	STM2	5.84e-12	58.4	100.000	100	100	1	31	31	1	minus
C1_8_BK_SAL112	STM25	5.84e-12	58.4	100.000	100	100	1	31	31	1	minus
C1_9_BK_SAL112	STM26	5.84e-12	58.4	100.000	100	100	1	31	31	1	minus
C1_11_BK_SAL112	Sta2	5.84e-12	58.4	100.000	100	100	1	31	31	1	minus
C2_0_BK_SAL112	EntB0	1.72e-12	60.2	100.000	100	100	1	32	32	1	minus
C2_0_BK_SAL112	EntB0var1	6.18e-12	58.4	100.000	97	97	1	31	32	2	minus
C2_1_BK_SAL112	IndB1	1.72e-12	60.2	100.000	100	100	1	32	32	1	minus
C2_2_BK_SAL112	EntB10	1.72e-12	60.2	100.000	100	100	1	32	32	1	minus
C2_3_BK_SAL112	GallB1	1.72e-12	60.2	100.000	100	100	1	32	32	1	minus
C2_4_BK_SAL112	MbaB36	1.72e-12	60.2	100.000	100	100	1	32	32	1	minus
C2_5_BK_SAL112	AbonB2	1.72e-12	60.2	100.000	100	100	1	32	32	1	minus
C2_6_BK_SAL112	NewpB34var1	1.72e-12	60.2	100.000	100	100	1	32	32	1	minus
C2_7_BK_SAL112	SenB39	1.72e-12	60.2	100.000	100	100	1	32	74	43	minus
C2_7_BK_SAL112	BloB1	1.72e-12	60.2	100.000	100	100	1	32	32	1	minus
C2_8_BK_SAL112	MbaB38	1.72e-12	60.2	100.000	100	100	1	32	32	1	minus
C2_9_BK_SAL112	CholB3	1.72e-12	60.2	100.000	100	100	1	32	32	1	minus
C2_9_BK_SAL112	CholB3var1	6.18e-12	58.4	100.000	97	97	2	32	31	1	minus
C2_10_BK_SAL112	IndB3	1.72e-12	60.2	100.000	100	100	1	32	32	1	minus
C2_11_BK_SAL112	ParAB0	1.72e-12	60.2	100.000	100	100	1	32	32	1	minus
C2_11_BK_SAL112	MaraB1	1.72e-12	60.2	100.000	100	100	1	32	32	1	minus
C2_11_BK_SAL112	ParAB0var2	6.18e-12	58.4	100.000	97	97	1	31	32	2	minus
C2_12_BK_SAL112	MonB22	1.72e-12	60.2	100.000	100	100	1	32	32	1	minus
C2_13_BK_SAL112	MonB23var1	1.72e-12	60.2	100.000	100	100	1	32	32	1	minus
C2_14_BK_SAL112	MonB24	1.72e-12	60.2	100.000	100	100	1	32	32	1	minus
C2_15_BK_SAL112	NiaB2	1.72e-12	60.2	100.000	100	100	1	32	32	1	minus
C2_16_BK_SAL112	StaB6	1.72e-12	60.2	100.000	100	100	1	32	32	1	minus
C2_16_BK_SAL112	Tri26	2.87e-10	52.8	100.000	88	88	1	28	32	5	minus
C2_17_BK_SAL112	StaB7	1.72e-12	60.2	100.000	100	100	1	32	32	1	minus
C2_21_BK_SAL112	InfB18var1	1.72e-12	60.2	100.000	100	100	1	32	32	1	minus
C2_21_BK_SAL112	PostB3	2.87e-10	52.8	100.000	88	88	1	28	5	32	plus
C2_22_BK_SAL112	StaB5	1.72e-12	60.2	100.000	100	100	1	32	32	1	minus
C2_23_BK_SAL112	CalB15	3.72e-09	49.1	100.000	81	81	1	26	26	1	minus
