C1_0_BK_SAL1	STMB33	1.72e-12	60.2	100.000	100	100	1	32	32	1	minus
C1_1_BK_SAL1	STMB19	1.72e-12	60.2	100.000	100	100	1	32	32	1	minus
C1_2_BK_SAL1	STMB18	1.72e-12	60.2	100.000	100	100	1	32	32	1	minus
C1_3_BK_SAL1	STMB34	1.72e-12	60.2	100.000	100	100	1	32	32	1	minus
C1_4_BK_SAL1	HadB20	1.72e-12	60.2	100.000	100	100	1	32	32	1	minus
C1_5_BK_SAL1	STMB17	1.72e-12	60.2	100.000	100	100	1	32	32	1	minus
C1_6_BK_SAL1	STMB16	1.72e-12	60.2	100.000	100	100	1	32	32	1	minus
C1_7_BK_SAL1	STMB15	1.72e-12	60.2	100.000	100	100	1	32	32	1	minus
C1_8_BK_SAL1	STMB14	1.72e-12	60.2	100.000	100	100	1	32	32	1	minus
C1_9_BK_SAL1	STMB13	1.72e-12	60.2	100.000	100	100	1	32	32	1	minus
C1_10_BK_SAL1	STMB12	1.72e-12	60.2	100.000	100	100	1	32	32	1	minus
C1_11_BK_SAL1	STMB11	1.72e-12	60.2	100.000	100	100	1	32	32	1	minus
C1_12_BK_SAL1	STMB10	1.72e-12	60.2	100.000	100	100	1	32	32	1	minus
C1_12_BK_SAL1	STMB10var1	2.22e-11	56.5	100.000	94	94	3	32	30	1	minus
C1_13_BK_SAL1	STMB9	1.72e-12	60.2	100.000	100	100	1	32	32	1	minus
C1_14_BK_SAL1	STMB8	1.72e-12	60.2	100.000	100	100	1	32	32	1	minus
C1_15_BK_SAL1	STMB7	5.04e-13	62.1	100.000	100	100	1	33	33	1	minus
C1_16_BK_SAL1	STMB6	1.72e-12	60.2	100.000	100	100	1	32	32	1	minus
C1_17_BK_SAL1	STMB5	1.72e-12	60.2	100.000	100	100	1	32	32	1	minus
C1_18_BK_SAL1	STMB4	1.72e-12	60.2	100.000	100	100	1	32	32	1	minus
C1_19_BK_SAL1	STMB3	1.72e-12	60.2	100.000	100	100	1	32	32	1	minus
C1_20_BK_SAL1	STMB2	1.72e-12	60.2	100.000	100	100	1	32	32	1	minus
C1_21_BK_SAL1	STMB1	1.72e-12	60.2	100.000	100	100	1	32	32	1	minus
C1_22_BK_SAL1	STMB32	1.72e-12	60.2	100.000	100	100	1	32	32	1	minus
C1_22_BK_SAL1	Buc1	3.72e-09	49.1	100.000	81	81	1	26	26	1	minus
C1_23_BK_SAL1	STMB0	1.72e-12	60.2	100.000	100	100	1	32	32	1	minus
C1_23_BK_SAL1	BissB2	6.17e-12	58.4	100.000	97	97	1	31	32	2	minus
C1_23_BK_SAL1	STMB0var1	2.22e-11	56.5	100.000	94	94	3	32	30	1	minus
C2_0_BK_SAL1	STM31	1.72e-12	60.2	100.000	100	100	1	32	32	1	minus
C2_1_BK_SAL1	STM24	1.72e-12	60.2	100.000	100	100	1	32	32	1	minus
C2_2_BK_SAL1	STM22	1.72e-12	60.2	100.000	100	100	1	32	32	1	minus
C2_3_BK_SAL1	STM21	1.72e-12	60.2	100.000	100	100	1	32	32	1	minus
C2_4_BK_SAL1	STM30	1.72e-12	60.2	100.000	100	100	1	32	32	1	minus
C2_5_BK_SAL1	STM29	1.72e-12	60.2	100.000	100	100	1	32	32	1	minus
C2_6_BK_SAL1	STM20	5.04e-13	62.1	100.000	100	100	1	33	33	1	minus
C2_7_BK_SAL1	STM19	1.72e-12	60.2	100.000	100	100	1	32	32	1	minus
C2_8_BK_SAL1	STM18var7	1.72e-12	60.2	100.000	100	100	1	32	62	31	minus
C2_8_BK_SAL1	STM18var5	1.72e-12	60.2	100.000	100	100	1	32	44	13	minus
C2_8_BK_SAL1	STM18var2	1.72e-12	60.2	100.000	100	100	1	32	38	7	minus
C2_8_BK_SAL1	STM18var1	1.72e-12	60.2	100.000	100	100	1	32	50	19	minus
C2_8_BK_SAL1	STM18	1.72e-12	60.2	100.000	100	100	1	32	32	1	minus
C2_8_BK_SAL1	STM18var4	7.99e-11	54.7	100.000	91	91	1	29	32	4	minus
C2_8_BK_SAL1	STM18var3	3.72e-09	49.1	100.000	81	81	1	26	26	1	minus
C2_9_BK_SAL1	STM17	1.72e-12	60.2	100.000	100	100	1	32	32	1	minus
C2_10_BK_SAL1	STM16	1.72e-12	60.2	100.000	100	100	1	32	32	1	minus
C2_11_BK_SAL1	STM15	1.72e-12	60.2	100.000	100	100	1	32	32	1	minus
C2_12_BK_SAL1	STM14	1.72e-12	60.2	100.000	100	100	1	32	32	1	minus
C2_13_BK_SAL1	STM13	1.72e-12	60.2	100.000	100	100	1	32	32	1	minus
C2_14_BK_SAL1	STM28	1.72e-12	60.2	100.000	100	100	1	32	32	1	minus
C2_15_BK_SAL1	STM28	1.72e-12	60.2	100.000	100	100	1	32	32	1	minus
C2_16_BK_SAL1	STM12	1.72e-12	60.2	100.000	100	100	1	32	32	1	minus
C2_17_BK_SAL1	STM11	1.72e-12	60.2	100.000	100	100	1	32	32	1	minus
C2_18_BK_SAL1	STM10	1.72e-12	60.2	100.000	100	100	1	32	32	1	minus
C2_19_BK_SAL1	STM9	1.72e-12	60.2	100.000	100	100	1	32	32	1	minus
C2_20_BK_SAL1	STM8	5.04e-13	62.1	100.000	100	100	1	33	33	1	minus
C2_20_BK_SAL1	Vir48	1.81e-12	60.2	100.000	97	97	1	32	32	1	minus
C3_0_BK_SAL1	STM6	1.72e-12	60.2	100.000	100	100	1	32	32	1	minus
C3_1_BK_SAL1	STM5	1.72e-12	60.2	100.000	100	100	1	32	32	1	minus
C3_2_BK_SAL1	STM4	1.72e-12	60.2	100.000	100	100	1	32	32	1	minus
C3_3_BK_SAL1	STM27	1.72e-12	60.2	100.000	100	100	1	32	32	1	minus
C3_4_BK_SAL1	STM26	1.72e-12	60.2	100.000	100	100	1	32	32	1	minus
C3_5_BK_SAL1	STM25	1.72e-12	60.2	100.000	100	100	1	32	32	1	minus
C3_6_BK_SAL1	STM3	1.72e-12	60.2	100.000	100	100	1	32	32	1	minus
C3_6_BK_SAL1	STM3var2	6.17e-12	58.4	100.000	97	97	1	31	32	2	minus
C3_7_BK_SAL1	STM2	1.72e-12	60.2	100.000	100	100	1	32	32	1	minus
C3_8_BK_SAL1	STM1	1.72e-12	60.2	100.000	100	100	1	32	32	1	minus
