C1_0_BK_SAL10	NewpB15	1.72e-12	60.2	100.000	100	100	1	32	32	1	minus
C1_1_BK_SAL10	NewpB41	1.72e-12	60.2	100.000	100	100	1	32	32	1	minus
C1_2_BK_SAL10	KotB2	1.72e-12	60.2	100.000	100	100	1	32	32	1	minus
C1_3_BK_SAL10	NewpB3	1.72e-12	60.2	100.000	100	100	1	32	32	1	minus
C1_4_BK_SAL10	NewpB2	1.72e-12	60.2	100.000	100	100	1	32	32	1	minus
C1_4_BK_SAL10	NewpB2var2	7.99e-11	54.7	100.000	91	91	4	32	29	1	minus
C1_5_BK_SAL10	NewpB1	1.72e-12	60.2	100.000	100	100	1	32	32	1	minus
C1_6_BK_SAL10	InfB1	5.83e-12	58.4	100.000	100	100	1	31	32	2	minus
C1_7_BK_SAL10	ParAB0var2	5.83e-12	58.4	100.000	100	100	1	31	32	2	minus
C1_7_BK_SAL10	ParAB0	5.83e-12	58.4	100.000	100	100	1	31	32	2	minus
C1_7_BK_SAL10	MaraB1	5.83e-12	58.4	100.000	100	100	1	31	32	2	minus
C2_0_BK_SAL10	NewpB25var1	1.72e-12	60.2	100.000	100	100	1	32	32	1	minus
C2_0_BK_SAL10	NewpB25var2	6.17e-12	58.4	100.000	97	97	2	32	31	1	minus
C2_1_BK_SAL10	Newp1	1.72e-12	60.2	100.000	100	100	1	32	32	1	minus
C2_2_BK_SAL10	Had7	1.72e-12	60.2	100.000	100	100	1	32	32	1	minus
